4.0600584970986731e-03
3.5630365373081618e-03
2.1936589679416585e-03
2.8719717669223321e-04
-1.6895804997631991e-03
-3.2526899436973178e-03
-4.0194274478859704e-03
-3.8020689304012478e-03
-2.6538313369612876e-03
-8.5584327663124071e-04
1.1516850663960687e-03
2.8772407387477328e-03
3.8983475309757321e-03
3.9650028879981702e-03
3.0608872537278842e-03
1.4073596675705513e-03
-5.9073864859215952e-04
-2.4442035408493989e-03
-3.6992421617279003e-03
-4.0485772858345204e-03
-3.4066794913001353e-03
-1.9307077451942156e-03
1.7968592722072962e-05
1.9622455924626081e-03
3.4260964354614343e-03
4.0511193817692748e-03
3.6842870156920116e-03
2.4154126941707821e-03
5.5516110465514412e-04
-1.4410132852009649e-03
-3.0843773657445173e-03
-3.9725782957322764e-03
-3.8881535104129394e-03
-2.8517731416493053e-03
-1.1171792487469911e-03
8.9093908724002802e-04
2.6809244620827899e-03
3.8145260280979532e-03
4.0141985861892326e-03
3.2310553303117606e-03
1.6568370425784629e-03
-3.2303273738643057e-04
-2.2238128370832833e-03
-3.5801259960746012e-03
-4.0598994499680963e-03
-3.5456679245671197e-03
-2.1633332317387843e-03
-2.5133911489838567e-04
1.7221915830293311e-03
3.2740697178992306e-03
4.0243413986545962e-03
3.7893139512050755e-03
2.6265302915572386e-03
8.2068041309013573e-04
-1.1861006527298379e-03
-2.9024829120585238e-03
-3.9082361268838461e-03
-3.9571168333467632e-03
-3.0371573297329757e-03
-1.3735957872340609e-03
6.2626990980629849e-04
2.4728028909990485e-03
3.7139074824602547e-03
4.0457179951632893e-03
3.3869956433029147e-03
1.8990186323587510e-03
-5.3904370375557065e-05
-1.9936297032632222e-03
-3.4452449545248065e-03
-4.0533440837995371e-03
-3.6690432160426667e-03
-2.3864326066436181e-03
-5.1954006539323139e-04
1.4745540034616367e-03
3.1076258253989186e-03
3.9798424630391738e-03
3.8776548638694841e-03
2.8260821160833727e-03
1.0825859032193019e-03
-9.2596509525444404e-04
-2.7078075442485972e-03
-3.8266842683212232e-03
-4.0086552232299066e-03
-3.2091675727536906e-03
-1.6239637768338255e-03
3.5884298937249870e-04
2.2537924766917738e-03
3.5969349619557889e-03
4.0594223210418390e-03
3.5280215186337394e-03
2.1328380044124406e-03
2.1546136138383964e-04
-1.7546677373878605e-03
-3.2951929778721745e-03
-4.0289400534960773e-03
-3.7762620898325050e-03
-2.5990234648314292e-03
-7.8545325152745704e-04
1.2204233113912721e-03
2.9274976839284150e-03
3.9178185233910146e-03
3.9489207496286038e-03
3.0131894529308312e-03
1.3397242894996886e-03
-6.6175210451913102e-04
-2.5012085039395338e-03
-3.7282818289001707e-03
-4.0425417337697223e-03
-3.3670464336423844e-03
-1.8671807367103277e-03
8.9835924774739340e-05
2.0248576187367195e-03
3.4641235482539834e-03
4.0552512176268429e-03
3.6535119570925145e-03
2.3572655487795746e-03
4.8387832161389532e-04
-1.5079791945271648e-03
-3.1306308112375447e-03
-3.9867948207887860e-03
-3.8668524138814053e-03
-2.8001696748625182e-03
-1.0479077401059911e-03
9.6091855648805513e-04
2.7344784772491693e-03
3.8385426985071414e-03
4.0027977933148051e-03
3.1870283858639326e-03
1.5909632780559679e-03
-3.9462512700549901e-04
-2.2835955379452155e-03
-3.6134621180152759e-03
-4.0586271476996671e-03
-3.5100987020542096e-03
-2.1021756751755660e-03
-1.7956672707564181e-04
1.7870064184236645e-03
3.3160580686634189e-03
4.0332230521274992e-03
3.7629143688582278e-03
2.5713130118660832e-03
7.5016455189191866e-04
-1.2546503532850917e-03
-2.9522830945214462e-03
-3.9270939697437779e-03
-3.9404152789823677e-03
-2.9889855011397959e-03
-1.3057478281044421e-03
6.9718245279914992e-04
2.5294181541696270e-03
3.7423640748572851e-03
4.0390487505096440e-03
3.3468334252884091e-03
1.8351965526588465e-03
-1.2576044077783344e-04
-2.0559268922648588e-03
-3.4827307375671079e-03
-4.0568406338312712e-03
-3.6376944556724133e-03
-2.3279138057332727e-03
-4.4817866731960976e-04
1.5412862396313454e-03
3.1533905208841473e-03
3.9934348242857132e-03
3.8557470067929200e-03
2.7740378481597716e-03
1.0131474763452886e-03
-9.9579673243144207e-04
-2.7609351714852348e-03
-3.8501003895778929e-03
-3.9966267553577239e-03
-3.1646395041933228e-03
-1.5578381317407075e-03
4.3037634686504678e-04
2.3132196858578480e-03
3.6297061693978394e-03
4.0575139922396364e-03
3.4919008790343931e-03
2.0713486463403985e-03
1.4365802421323348e-04
-1.8192050924892289e-03
-3.3366633555571568e-03
-4.0371900589795118e-03
-3.7492718340386144e-03
-2.5434011036975512e-03
-7.1481707895904023e-04
1.2887790968284518e-03
2.9768372019677303e-03
3.9360617392396602e-03
3.9316010877941121e-03
2.9645473706734204e-03
1.2716690650083073e-03
-7.3255817877959650e-04
-2.5574296315431511e-03
-3.7561531170275941e-03
-4.0352393190443703e-03
-3.3263582018683291e-03
-1.8030685860774831e-03
1.6167510380316052e-04
2.0868350896536825e-03
3.5010650646403185e-03
4.0581122078893195e-03
3.6215919510368400e-03
2.2983796771350873e-03
4.1244389947747706e-04
-1.5744725292548001e-03
-3.1759031711786623e-03
-3.9997619533014284e-03
-3.8443395126803726e-03
-2.7476886833295300e-03
-9.7830783530516996e-04
1.0305968904812390e-03
2.7871755541536425e-03
3.8613564360239216e-03
3.9901425928412504e-03
3.1420026818445024e-03
1.5245909331567109e-03
-4.6609384793483422e-04
-2.3426625994611427e-03
-3.6456658434245170e-03
-4.0560829418760935e-03
-3.4734294753184791e-03
-2.0403593331150827e-03
-1.0773806614428061e-04
1.8512612369131487e-03
3.3570072241831950e-03
4.0408407632520627e-03
3.7353355542291133e-03
2.5152899271491114e-03
6.7941360209933244e-04
-1.3228068681201410e-03
-3.0011580825244355e-03
-3.9447211292766848e-03
-3.9224788666234467e-03
-2.9398769761901367e-03
-1.2374906701879684e-03
7.6787651086984710e-04
2.5852407414379552e-03
3.7696478750796070e-03
4.0311137378343798e-03
3.3056223675620444e-03
1.7707993540994060e-03
-1.9757710003198703e-04
-2.1175797893346893e-03
-3.5191250930319828e-03
-4.0590658401751245e-03
-3.6052057047739616e-03
-2.2686654769001890e-03
-3.7667681780551021e-04
1.6075354633511285e-03
3.1981669983196515e-03
4.0057757121254589e-03
3.8326308252921715e-03
2.7211242447533479e-03
9.4339154657352431e-04
-1.0653163041360880e-03
-2.8131975693896916e-03
-3.8723099559618834e-03
-3.9833458137821243e-03
-3.1191196923479048e-03
-1.4912242871236714e-03
5.0177483185409599e-04
2.3719219719841034e-03
3.6613398897024085e-03
4.0543341087275753e-03
3.4546859380922834e-03
2.0092101634270332e-03
7.1809667101740970e-05
-1.8831723401802059e-03
-3.3770880806560655e-03
-4.0441748789208365e-03
-3.7211066212967658e-03
-2.4869816846500026e-03
-6.4395689507956710e-04
1.3567310011869393e-03
3.0252438307137863e-03
3.9530714614159912e-03
3.9130493301766656e-03
2.9149762505431553e-03
1.2032153214266428e-03
-8.0313468197745763e-04
-2.6128493049308865e-03
-3.7828472917340594e-03
-4.0266723301078944e-03
-3.2846275469651243e-03
-1.7383913849331467e-03
2.3346361664855486e-04
2.1481585825454674e-03
3.5369094077870589e-03
4.0597014559740074e-03
3.5885370006991657e-03
2.2387735330512415e-03
3.4088022455580624e-04
-1.6404724515250990e-03
-3.2201802579951977e-03
-4.0114756295952514e-03
-3.8206218619689647e-03
-2.6943466136837291e-03
-9.0840134574610154e-04
1.0999522532327832e-03
2.8389991784447677e-03
3.8829600912160256e-03
3.9762369506903816e-03
3.0959923285238666e-03
1.4577408078275678e-03
-5.3741650311223133e-04
-2.4009955110364523e-03
-3.6767270802116059e-03
-4.0522676298100357e-03
-3.4356717358576816e-03
-1.9779035777265364e-03
-3.5875641968496907e-05
1.9149359021493062e-03
3.3969043516970387e-03
4.0471921447700065e-03
3.7065861500407138e-03
2.4584785940716669e-03
6.0844973583362716e-04
-1.3905488381602549e-03
-3.0490925594874874e-03
-3.9611120814320167e-03
-3.9033132172281437e-03
-2.8898471446379137e-03
-1.1688457040999189e-03
8.3832992972221465e-04
2.6402531589696521e-03
3.7957503328547304e-03
4.0219154438336790e-03
3.2633753849597991e-03
1.7058472176499917e-03
-2.6933184203992155e-04
-2.1785690735238727e-03
-3.5544166155561108e-03
-4.0600190054862484e-03
-3.5715871447612457e-03
-2.2087061875399883e-03
-3.0505692429128040e-04
1.6732809132585791e-03
3.2419412255301205e-03
4.0168612591394703e-03
3.8083135635768040e-03
2.6673578880708204e-03
8.7333997420813159e-04
-1.1345020241368964e-03
-2.8645783598324481e-03
-3.8933060073784720e-03
-3.9688165605245018e-03
-3.0726224023371884e-03
-1.4241431186057252e-03
5.7301606928938931e-04
2.4298809387879317e-03
3.6918262094095544e-03
4.0498836670281868e-03
3.4163883583273602e-03
1.9464420287986783e-03
-6.1193918821089710e-08
-1.9465494342314482e-03
-3.4164544847583578e-03
-4.0498923244010054e-03
-3.6917752780973867e-03
-2.4297828885524453e-03
-5.7289490624734540e-04
1.4242577295144887e-03
3.0727024003663894e-03
3.9688423593656763e-03
3.8932712905769273e-03
2.8644916272708709e-03
1.1343845109712536e-03
-8.7345949665640354e-04
-2.6674501565386866e-03
-3.8083559875237150e-03
-4.0168434517042773e-03
-3.2418675465935021e-03
-1.6731694019946897e-03
3.0517896603421413e-04
2.2088088796915484e-03
3.5716453446983376e-03
4.0600184638348580e-03
3.5543574649314902e-03
2.1784657960620679e-03
2.6920972366706319e-04
-1.7059582780980520e-03
-3.2634481960125417e-03
-4.0219321788073081e-03
-3.7957068944400874e-03
-2.6401601824084242e-03
-8.3821017891860805e-04
1.1689629099731480e-03
2.8899331094961456e-03
3.9033468938747262e-03
3.9610852246501072e-03
3.0490117447549148e-03
1.3904338517407577e-03
-6.0857074125308941e-04
-2.4585759921440520e-03
-3.7066360943223131e-03
-4.0471824071570683e-03
-3.3968373162973631e-03
-1.9148279815672797e-03
3.5998025012307089e-05
1.9780104595937820e-03
3.4357369481404776e-03
4.0522752062657208e-03
3.6766751658601216e-03
2.4008968163223843e-03
5.3729519194534170e-04
-1.4578550342458918e-03
-3.0960715035810438e-03
-3.9762616895711034e-03
-3.8829243369788990e-03
-2.8389116849758533e-03
-1.0998344419814732e-03
9.0852063047519582e-04
2.6944381668272399e-03
3.8206632681240249e-03
4.0114567510939336e-03
3.2201057169507497e-03
1.6403604981852782e-03
-3.4100218010646444e-04
-2.2388756318452163e-03
-3.5885942453874886e-03
-4.0596998310611365e-03
-3.5368493111085364e-03
-2.1480547278645012e-03
-2.3334143121278572e-04
1.7385019858678907e-03
3.2846994844314414e-03
4.0266879913070097e-03
3.7828028422561832e-03
2.6127556275610253e-03
8.0301471220001197e-04
-1.2033322108224720e-03
-2.9150614409594322e-03
-3.9130819640278425e-03
-3.9530435487984406e-03
-3.0251622056061134e-03
-1.3566156482642810e-03
6.4407773339947294e-04
2.4870784229299447e-03
3.7211555746348157e-03
4.0441640618311681e-03
3.3770201415386225e-03
1.8830639129041593e-03
-7.1932035762056756e-05
-2.0093165133534541e-03
-3.4547502311148559e-03
-4.0543406036708252e-03
-3.6612869963781325e-03
-2.3718226405231579e-03
-5.0165338206031862e-04
1.4913381201019371e-03
3.1191980382290208e-03
3.9833694907640549e-03
3.8722731670910449e-03
2.8131093218665137e-03
1.0651982040318364e-03
-9.4351058423569611e-04
-2.7212150754001296e-03
-3.8326712104128635e-03
-4.0057557640345021e-03
-3.1980916010057037e-03
-1.6074230767064712e-03
3.7679867761186703e-04
2.2687669743365335e-03
3.6052619897291027e-03
4.0590631321284487e-03
3.5190640550067931e-03
2.1174753655706091e-03
1.9745485710687127e-04
-1.7709094868543218e-03
-3.3056934258088866e-03
-4.0311283240315188e-03
-3.7696024180207122e-03
-2.5851463705957034e-03
-7.6775633151848766e-04
1.2376072339547184e-03
2.9399613854923512e-03
3.9225104551250389e-03
3.9446921630083009e-03
3.0010756534377681e-03
1.3226911577335354e-03
-6.7953426384992355e-04
-2.5153859980582283e-03
-3.7353835127875712e-03
-4.0408288675322090e-03
-3.3569383866725033e-03
-1.8511523114352890e-03
1.0786041083576947e-04
2.0404651427698983e-03
3.4734928440443014e-03
4.0560883547986482e-03
3.6456119752718008e-03
2.3425626390359833e-03
4.6597226903477562e-04
-1.5247043637749425e-03
-3.1420801924111341e-03
-3.9901652060660986e-03
-3.8613186153997336e-03
-2.7870865594892269e-03
-1.0304785107726477e-03
9.7842661657465690e-04
2.7477787843641632e-03
3.8443788736052253e-03
3.9997409371866910e-03
3.1758269235038217e-03
1.5743597181111513e-03
-4.1256565398950507e-04
-2.2984805652648266e-03
-3.6216472718499926e-03
-4.0581084169220016e-03
-3.5010030900539668e-03
-2.0867301049869447e-03
